19 0 0.000000 0
0 15.000000 15.000000 744.333313 486.000000
0 1.000000 3.000000 0 440.000000 269.000000 442.953064 284.744965 -0.262502 1.170937
1 1.000000 3.000000 0 438.000000 325.000000 430.376221 315.619415 -1.151609 -0.337339
2 1.000000 3.000000 0 411.000000 348.000000 415.592194 340.725189 -0.167850 -1.188203
3 1.000000 3.000000 0 414.000000 327.000000 402.493256 316.817810 0.816283 0.879592
4 1.000000 3.000000 0 395.000000 277.000000 389.355865 288.131470 -0.975864 -0.698347
5 1.000000 3.000000 0 392.000000 329.000000 401.391815 317.491058 1.065039 0.552894
6 1.000000 3.000000 0 399.000000 343.000000 387.527893 340.649689 -1.173765 -0.249552
7 1.000000 3.000000 0 387.000000 299.000000 384.393707 292.423798 -0.492125 -1.094447
8 1.000000 3.000000 0 404.000000 323.000000 402.359192 315.731659 0.750067 0.936697
9 1.000000 3.000000 0 417.000000 280.000000 414.307892 289.962341 1.197693 -0.074370
10 1.000000 3.000000 0 352.000000 322.000000 369.652344 316.132019 0.922512 -0.767444
11 1.000000 3.000000 0 419.000000 265.000000 417.885498 260.249329 0.312159 -1.158688
12 1.000000 3.000000 0 417.000000 341.000000 415.178955 341.648743 -0.509804 -1.086324
13 1.000000 3.000000 0 360.000000 280.000000 359.987518 287.411682 0.433619 1.118917
14 1.000000 3.000000 0 446.000000 313.000000 433.874207 313.567230 -1.118643 -0.434324
15 1.000000 3.000000 0 363.000000 336.000000 370.886627 318.026947 -0.789008 -0.904138
16 1.000000 3.000000 0 432.000000 252.000000 419.720825 260.852142 0.663816 -0.999674
17 1.000000 3.000000 0 411.000000 346.000000 416.229034 341.101959 -0.302139 -1.161341
18 1.000000 3.000000 0 402.000000 327.000000 401.587036 316.370667 0.929052 0.759514
19 1.000000 3.000000 0 423.000000 347.000000 416.085419 340.742645 -0.111682 -1.194792
20 1.000000 3.000000 0 407.000000 317.000000 401.467712 316.499969 0.841512 0.855487
21 1.000000 3.000000 0 378.000000 256.000000 389.776855 263.847961 0.904588 0.788492
22 1.000000 3.000000 0 410.000000 315.000000 404.189514 316.081390 0.135735 1.192299
23 1.000000 3.000000 0 406.000000 264.000000 411.111694 284.582214 0.825525 0.870924
24 1.000000 3.000000 0 440.000000 325.000000 430.580933 315.526672 -1.145833 -0.356466
25 1.000000 3.000000 0 394.000000 295.000000 387.647675 289.457520 -0.699039 -0.975369
26 1.000000 3.000000 0 449.000000 316.000000 434.352814 313.333801 -1.199909 -0.014746
27 1.000000 3.000000 0 410.000000 316.000000 404.950623 314.907379 0.147968 1.190842
28 1.000000 3.000000 0 359.000000 273.000000 358.704529 288.447357 0.160038 1.189280
29 1.000000 3.000000 0 398.000000 255.000000 400.748077 263.814545 -0.972309 -0.703289
30 1.000000 3.000000 0 436.000000 312.000000 431.630646 314.810699 -0.916687 -0.774394
31 1.000000 3.000000 0 393.000000 271.000000 390.255951 287.410217 -0.890465 -0.804408
32 1.000000 3.000000 0 366.000000 306.000000 377.582703 303.365265 -1.114613 -0.444564
33 1.000000 3.000000 0 367.000000 318.000000 371.641998 314.285614 -1.113194 -0.448107
34 1.000000 3.000000 0 436.000000 340.000000 419.011078 339.518677 -1.101185 -0.476857
35 1.000000 3.000000 0 367.000000 293.000000 383.592926 292.554108 -0.564543 -1.058910
36 1.000000 3.000000 0 360.000000 295.000000 354.709656 292.498474 1.198338 0.063129
37 1.000000 3.000000 0 399.000000 320.000000 402.148132 316.885132 1.021599 0.629552
38 1.000000 3.000000 0 412.000000 307.000000 407.219452 311.208466 -0.191640 1.184599
39 1.000000 3.000000 0 387.000000 254.000000 391.286377 265.099609 0.488022 1.096282
40 1.000000 3.000000 0 435.000000 283.000000 419.189728 288.675476 -1.032919 0.610802
41 1.000000 3.000000 0 399.000000 334.000000 398.859802 318.860413 1.197582 0.076142
42 1.000000 3.000000 0 449.000000 312.000000 434.644958 311.989197 -1.198779 0.054117
43 1.000000 3.000000 0 353.000000 310.000000 355.292480 301.935608 1.085287 -0.512008
44 1.000000 3.000000 0 387.000000 301.000000 384.292297 292.131866 -0.535131 -1.074074
45 1.000000 3.000000 0 367.000000 273.000000 362.591736 278.000397 1.151532 -0.337600
46 1.000000 3.000000 0 415.000000 310.000000 405.424011 314.489563 0.211134 1.181280
47 1.000000 3.000000 0 446.000000 331.000000 432.902740 317.443665 -1.192185 -0.136729
48 1.000000 3.000000 0 419.000000 315.000000 405.260254 314.833984 0.282523 1.166268
49 1.000000 3.000000 0 351.000000 305.000000 348.424805 302.200195 1.189585 0.157759
50 1.000000 3.000000 0 358.000000 268.000000 362.067474 279.591919 1.148967 0.346231
51 1.000000 3.000000 0 448.000000 268.000000 443.046051 285.816772 -0.166361 1.188412
52 1.000000 3.000000 0 365.000000 349.000000 380.243500 343.225922 1.194360 -0.116207
53 1.000000 3.000000 0 438.000000 327.000000 430.705841 315.408020 -1.105650 -0.466410
54 1.000000 3.000000 0 359.000000 327.000000 371.424957 314.098694 -0.965423 -0.712712
55 1.000000 3.000000 0 432.000000 296.000000 418.077728 289.656677 -0.129797 1.192960
56 1.000000 3.000000 0 361.000000 333.000000 371.020142 316.149750 -0.414674 -1.126075
57 1.000000 3.000000 0 432.000000 312.000000 412.534424 311.384705 -1.182829 0.202275
58 1.000000 3.000000 0 447.000000 335.000000 446.767242 342.148499 1.189108 -0.161311
59 1.000000 3.000000 0 373.000000 284.000000 384.315430 291.090576 -0.518214 -1.082338
60 1.000000 3.000000 0 439.000000 342.000000 421.690094 338.196198 -1.165203 -0.286884
61 1.000000 3.000000 0 360.000000 304.000000 374.502502 313.710358 -1.199821 -0.020738
62 1.000000 3.000000 0 355.000000 256.000000 374.017365 261.377777 0.484445 1.097868
63 1.000000 3.000000 0 438.000000 324.000000 431.001160 314.843353 -1.048899 -0.582932
64 1.000000 3.000000 0 422.000000 291.000000 415.434845 289.481293 1.175297 -0.242234
65 1.000000 3.000000 0 431.000000 282.000000 416.430573 290.411896 0.978289 0.694946
66 1.000000 3.000000 0 410.000000 281.000000 415.153229 290.780609 1.132190 0.397677
67 1.000000 3.000000 0 400.000000 325.000000 401.511292 316.824432 0.959459 0.720721
68 1.000000 3.000000 0 380.000000 340.000000 386.702484 337.011292 0.963373 0.715480
69 1.000000 3.000000 0 355.000000 341.000000 355.120300 334.067963 1.092349 -0.496763
70 1.000000 3.000000 0 418.000000 337.000000 415.202332 341.193115 -0.411424 -1.127267
71 1.000000 3.000000 0 387.000000 329.000000 374.579254 313.289124 -1.196165 -0.095861
72 1.000000 3.000000 0 372.000000 322.000000 374.825958 313.705994 -1.199754 -0.024314
73 1.000000 3.000000 0 391.000000 270.000000 389.243683 288.061951 -0.928918 0.759679
74 1.000000 3.000000 0 359.000000 266.000000 362.277130 274.178070 1.039746 0.599107
75 1.000000 3.000000 0 356.000000 348.000000 355.357880 337.990753 -1.197958 -0.069974
76 1.000000 3.000000 0 359.000000 266.000000 362.277130 274.178070 1.039746 0.599107
77 1.000000 3.000000 0 355.000000 316.000000 372.347382 313.506653 -0.725074 -0.956174
78 1.000000 3.000000 0 425.000000 295.000000 414.387207 290.794769 1.191997 0.138357
79 1.000000 3.000000 0 390.000000 349.000000 386.331360 341.856201 1.159963 0.307387
80 1.000000 3.000000 0 436.000000 271.000000 421.560730 287.385895 -0.941451 0.744090
81 1.000000 3.000000 0 381.000000 348.000000 386.672852 341.986053 1.133184 0.394834
82 1.000000 3.000000 0 402.000000 331.000000 402.467896 316.968506 0.980676 0.691574
83 1.000000 3.000000 0 376.000000 284.000000 383.443481 291.943787 -0.525564 -1.078788
84 1.000000 3.000000 0 373.000000 281.000000 385.266571 291.038300 -0.671396 -0.994599
85 1.000000 3.000000 0 428.000000 341.000000 416.302460 341.555573 -0.346490 -1.148889
86 1.000000 3.000000 0 420.000000 317.000000 405.186340 314.334991 0.112305 1.194733
87 1.000000 3.000000 0 372.000000 342.000000 386.976227 341.288879 0.910413 0.781760
88 1.000000 3.000000 0 389.000000 266.000000 391.469177 280.056458 -0.782075 0.910142
89 1.000000 3.000000 0 414.000000 299.000000 414.629608 290.100464 1.198836 -0.052850
90 1.000000 3.000000 0 434.000000 321.000000 429.901855 315.278381 -1.199946 0.011393
91 1.000000 3.000000 0 449.000000 295.000000 445.179718 289.349396 0.118351 -1.194149
92 1.000000 3.000000 0 389.000000 306.000000 383.306335 293.570160 -0.648815 -1.009475
93 1.000000 3.000000 0 361.000000 264.000000 370.127655 268.056793 0.547665 1.067738
94 1.000000 3.000000 0 351.000000 301.000000 353.537598 295.085510 0.417871 -1.124893
95 1.000000 3.000000 0 363.000000 290.000000 381.635651 295.151184 0.041507 -1.199282
96 1.000000 3.000000 0 374.000000 346.000000 385.806244 341.466003 1.053330 0.574887
97 1.000000 3.000000 0 388.000000 278.000000 388.595673 289.256592 -0.869021 -0.827528
98 1.000000 3.000000 0 379.000000 266.000000 393.721008 267.584503 0.767318 -0.922617
99 1.000000 3.000000 0 413.000000 303.000000 416.050903 289.650269 1.197085 -0.083585
0 1.000000 4.241793 564.000000 55.000000
1 1.000000 5.153274 480.000000 123.000000
2 1.000000 7.336517 188.000000 532.000000
3 1.000000 7.382791 26.000000 313.000000
4 1.000000 3.444595 59.000000 567.000000
5 1.000000 3.550760 579.000000 290.000000
6 1.000000 7.114814 389.000000 435.000000
7 1.000000 7.050072 401.000000 475.000000
8 1.000000 8.948747 684.000000 114.000000
9 1.000000 7.022514 659.000000 539.000000
10 1.000000 8.629060 654.000000 153.000000
11 1.000000 3.849644 533.000000 436.000000
12 1.000000 6.629068 65.000000 546.000000
13 1.000000 4.953838 217.000000 123.000000
14 1.000000 4.492902 635.000000 464.000000
15 1.000000 3.798596 730.000000 533.000000
16 1.000000 5.783333 649.000000 505.000000
17 1.000000 6.351821 61.000000 476.000000
18 1.000000 7.989658 632.000000 191.000000
19 1.000000 3.838305 55.000000 212.000000
